12 0.06875 0.24609375 0.0890625 0.2453125
34 0.1359375 0.2421875 0.084375 0.25
24 0.203125 0.2421875 0.084375 0.240625
2 0.296875 0.23828125 0.090625 0.2484375
9 0.36328125 0.2328125 0.084375 0.24375
3 0.43515625 0.228125 0.0953125 0.2609375
31 0.06640625 0.7203125 0.090625 0.25
12 0.13671875 0.72578125 0.084375 0.2546875
14 0.20234375 0.72265625 0.0921875 0.2578125
4 0.3 0.7265625 0.0828125 0.265625
2 0.3703125 0.734375 0.0921875 0.265625
6 0.44375 0.72578125 0.0890625 0.2578125
10 0.55234375 0.76640625 0.0796875 0.246875
34 0.61171875 0.76875 0.0796875 0.246875
25 0.67890625 0.77421875 0.084375 0.2578125
7 0.7875 0.7796875 0.0953125 0.265625
1 0.8546875 0.7875 0.0765625 0.2578125
10 0.91796875 0.79296875 0.0921875 0.253125
27 0.57578125 0.26953125 0.09375 0.28125
4 0.66953125 0.2609375 0.0875 0.2578125
2 0.73984375 0.26796875 0.0921875 0.26875
4 0.81015625 0.271875 0.0875 0.2671875
2 0.88046875 0.28046875 0.0921875 0.271875
7 0.95078125 0.28359375 0.0890625 0.2609375