12 0.0828125 0.2234375 0.1 0.246875
34 0.15 0.2234375 0.096875 0.253125
24 0.2171875 0.2265625 0.096875 0.2421875
2 0.3109375 0.228125 0.103125 0.2515625
9 0.378125 0.22578125 0.096875 0.2453125
3 0.44921875 0.22578125 0.1078125 0.2640625
31 0.05546875 0.69765625 0.103125 0.253125
12 0.125 0.70625 0.096875 0.25625
14 0.19140625 0.70703125 0.1046875 0.2609375
4 0.28828125 0.715625 0.0953125 0.2671875
2 0.3578125 0.72734375 0.10625 0.26875
6 0.43203125 0.721875 0.1015625 0.259375
10 0.53828125 0.76875 0.0921875 0.2484375
34 0.59765625 0.77421875 0.0921875 0.2484375
25 0.6640625 0.7828125 0.096875 0.259375
7 0.77265625 0.79375 0.1078125 0.2671875
1 0.83984375 0.80546875 0.090625 0.259375
10 0.90234375 0.81484375 0.1046875 0.25625
27 0.5875 0.27421875 0.1078125 0.284375
4 0.68203125 0.2703125 0.1 0.259375
2 0.75234375 0.28046875 0.10625 0.271875
4 0.821875 0.28828125 0.1015625 0.2703125
2 0.89140625 0.30078125 0.10625 0.275
7 0.9546875 0.30703125 0.090625 0.2640625