12 0.05234375 0.2765625 0.071875 0.240625
34 0.11875 0.26796875 0.06796875 0.24609375
24 0.1859375 0.26328125 0.06796875 0.2359375
2 0.27890625 0.253125 0.0734375 0.24453125
9 0.3453125 0.24296875 0.06796875 0.2390625
3 0.41640625 0.23359375 0.07734375 0.25625
31 0.0828125 0.75 0.0734375 0.24609375
12 0.153125 0.75078125 0.0671875 0.25
14 0.21875 0.74296875 0.075 0.253125
4 0.31640625 0.73984375 0.0640625 0.26171875
2 0.38671875 0.74296875 0.07421875 0.26171875
6 0.459375 0.72890625 0.071875 0.253125
10 0.57109375 0.76171875 0.06328125 0.24296875
34 0.63046875 0.76015625 0.06328125 0.24296875
25 0.69765625 0.7609375 0.06640625 0.253125
7 0.80625 0.75859375 0.07734375 0.26015625
1 0.87421875 0.76171875 0.059375 0.2546875
10 0.9375 0.76328125 0.07421875 0.24921875
27 0.559375 0.26484375 0.075 0.27734375
4 0.65234375 0.25 0.06953125 0.253125
2 0.7234375 0.2515625 0.07421875 0.2640625
4 0.79375 0.25078125 0.06953125 0.26328125
2 0.8640625 0.2546875 0.07421875 0.2671875
7 0.934375 0.25234375 0.07109375 0.25703125