12 0.0375 0.39140625 0.075 0.2515625
34 0.07421875 0.3671875 0.125 0.2546875
24 0.13828125 0.34609375 0.1234375 0.2453125
2 0.22578125 0.3140625 0.1296875 0.2546875
9 0.2875 0.28828125 0.1234375 0.2484375
3 0.3546875 0.26171875 0.1375 0.2671875
31 0.15546875 0.84375 0.13125 0.25625
12 0.22421875 0.82734375 0.125 0.259375
14 0.2859375 0.80390625 0.134375 0.2640625
4 0.3796875 0.77734375 0.125 0.26875
2 0.44921875 0.76328125 0.1359375 0.271875
6 0.515625 0.73203125 0.13125 0.2625
10 0.63203125 0.73671875 0.1203125 0.2515625
34 0.68984375 0.72109375 0.1203125 0.2515625
25 0.7546875 0.70546875 0.125 0.2609375
7 0.859375 0.6765625 0.1375 0.271875
1 0.9265625 0.66328125 0.11875 0.2609375
10 0.9609375 0.65 0.078125 0.259375
27 0.50078125 0.2578125 0.140625 0.2875
4 0.5875 0.2203125 0.128125 0.2625
2 0.65703125 0.2046875 0.1359375 0.2734375
4 0.725 0.1875 0.13125 0.271875
2 0.79375 0.17421875 0.1359375 0.2765625
7 0.86171875 0.1546875 0.13125 0.2671875