12 0.06484375 0.253125 0.084375 0.24375
34 0.13125 0.2484375 0.08125 0.25
24 0.1984375 0.246875 0.0796875 0.2390625
2 0.2921875 0.2421875 0.0859375 0.2484375
9 0.35859375 0.23515625 0.0796875 0.2421875
3 0.43046875 0.2296875 0.090625 0.259375
31 0.0703125 0.728125 0.0859375 0.25
12 0.140625 0.73203125 0.0796875 0.253125
14 0.20625 0.728125 0.0875 0.25625
4 0.30390625 0.7296875 0.078125 0.2640625
2 0.37421875 0.73671875 0.0875 0.265625
6 0.44765625 0.7265625 0.084375 0.25625
10 0.55703125 0.76484375 0.0765625 0.2453125
34 0.61640625 0.76640625 0.0765625 0.2453125
25 0.68359375 0.77109375 0.0796875 0.25625
7 0.7921875 0.77421875 0.090625 0.2640625
1 0.86015625 0.78125 0.071875 0.2578125
10 0.9234375 0.7859375 0.0875 0.253125
27 0.571875 0.26796875 0.0890625 0.28125
4 0.66484375 0.25859375 0.0828125 0.25625
2 0.7359375 0.26328125 0.0875 0.2671875
4 0.80625 0.26640625 0.0828125 0.2671875
2 0.8765625 0.27421875 0.0875 0.2703125
7 0.946875 0.27578125 0.084375 0.2609375