12 0.0375 0.3828125 0.075 0.25
34 0.0765625 0.359375 0.121875 0.2546875
24 0.140625 0.33984375 0.11875 0.2453125
2 0.22890625 0.309375 0.1265625 0.2546875
9 0.29140625 0.284375 0.1203125 0.2484375
3 0.35859375 0.259375 0.1328125 0.2671875
31 0.15 0.8375 0.1265625 0.25625
12 0.21875 0.82265625 0.121875 0.259375
14 0.28046875 0.8 0.1296875 0.2640625
4 0.375 0.775 0.121875 0.26875
2 0.44453125 0.7625 0.13125 0.271875
6 0.51171875 0.73203125 0.1265625 0.2625
10 0.628125 0.7390625 0.115625 0.2515625
34 0.6859375 0.72421875 0.115625 0.2515625
25 0.7515625 0.71015625 0.121875 0.2609375
7 0.85625 0.6828125 0.134375 0.2703125
1 0.9234375 0.67109375 0.115625 0.2609375
10 0.96015625 0.6578125 0.0796875 0.259375
27 0.5046875 0.2578125 0.1359375 0.2875
4 0.5921875 0.221875 0.125 0.2625
2 0.66171875 0.2078125 0.13125 0.2734375
4 0.73046875 0.19140625 0.1265625 0.271875
2 0.79921875 0.17890625 0.1328125 0.2765625
7 0.8671875 0.1609375 0.1265625 0.2671875