12 0.0375 0.3734375 0.075 0.25
34 0.07890625 0.35234375 0.1171875 0.2546875
24 0.14375 0.33359375 0.115625 0.2453125
2 0.23203125 0.3046875 0.1234375 0.2546875
9 0.2953125 0.28046875 0.115625 0.2484375
3 0.3625 0.25703125 0.1296875 0.2671875
31 0.14375 0.83125 0.1234375 0.25625
12 0.2125 0.8171875 0.1171875 0.2578125
14 0.27578125 0.79609375 0.1265625 0.2625
4 0.3703125 0.77265625 0.1171875 0.26875
2 0.43984375 0.7609375 0.1265625 0.271875
6 0.5078125 0.73203125 0.1234375 0.2625
10 0.62421875 0.74140625 0.1125 0.2515625
34 0.68203125 0.72734375 0.1125 0.2515625
25 0.74765625 0.7140625 0.1171875 0.2609375
7 0.853125 0.6890625 0.1296875 0.2703125
1 0.9203125 0.678125 0.1109375 0.2609375
10 0.96015625 0.665625 0.0796875 0.259375
27 0.509375 0.2578125 0.13125 0.2875
4 0.596875 0.2234375 0.1203125 0.2625
2 0.6671875 0.21015625 0.128125 0.2734375
4 0.73515625 0.1953125 0.1234375 0.271875
2 0.80546875 0.184375 0.128125 0.2765625
7 0.8734375 0.1671875 0.1234375 0.265625